voltage (V)	current (A)	current uncert	big peak angle +- 0.2 deg	big peak angle min	big peak angle max	area (V*deg) (20-30 deg)	area min (22.5-27.5)	area max (17.5-32.5)		max-min / 2															
4	0.381	0.003	24.64423			0.3975	0.3743	0.409		0.01735															
4.5	0.409	0.004	24.47891			0.5058	0.4867	0.5125		0.0129															
5	0.432	0.003	24.5719			0.6184	0.5723	0.6367		0.0322															
5.5	0.458	0.003	24.37558			0.7884	0.7507	0.7987		0.024															
6	0.483	0.004	24.34458			0.8422	0.778	0.8739		0.04795															
6.5	0.505	0.004	24.26191			1.0207	0.9003	1.0653		0.0825															
7	0.526	0.004	24.23091			1.1233	1.0163	1.1685		0.0761															
7.5	0.549	0.003	24.24125			1.2022	1.0638	1.2763		0.10625															
8	0.569	0.003	24.11725			1.3078	1.1564	1.3641		0.10385															
8.5	0.588	0.003	24.09658			1.3851	1.3597	1.4018		0.02105						
9	0.605	0.004	23.99325			1.4741	1.4321	1.5039		0.0359															
9.5	0.627	0.004	23.97259			1.5183	1.4778	1.541		0.0316															
10	0.643	0.004	23.85893			1.9115	1.8361	1.9693		0.0666															