Black Body Radiation Experiment Wed, Mar 6, 2024 1:59 PM
Sensor Position (Degrees)	Light Intensity (Volts)
0.00000	-0.38249
0.00000	-0.38522
0.00000	-0.38442
0.00000	-0.38281
0.00000	-0.38088
0.00000	-0.38055
0.00000	-0.38007
0.00000	-0.38313
0.00000	-0.38152
0.00000	-0.38136
0.00000	-0.38393
0.00000	-0.38281
0.00000	-0.38265
0.00000	-0.38860
0.00000	-0.38184
0.00000	-0.38361
0.00000	-0.38506
0.00000	-0.38748
0.00000	-0.38313
0.00000	-0.38570
0.00000	-0.38055
0.00000	-0.38361
0.00000	-0.37975
0.00000	-0.38152
0.00000	-0.38265
0.00000	-0.38023
0.00000	-0.37927
0.00000	-0.38184
0.00000	-0.38442
0.00000	-0.38104
0.00000	-0.37750
0.00000	-0.37653
0.00000	-0.38007
0.00000	-0.38860
0.00000	-0.38345
0.00000	-0.38071
0.00000	-0.38007
0.00000	-0.38554
0.00000	-0.37911
0.00000	-0.38200
0.00000	-0.37894
0.00000	-0.37975
0.00000	-0.38442
0.00000	-0.38088
0.00000	-0.37782
0.00000	-0.37605
0.00000	-0.37862
0.00000	-0.37959
0.01015	-0.38281
0.01015	-0.38409
0.02030	-0.38200
0.03046	-0.37911
0.05076	-0.38345
0.13198	-0.38120
0.22335	-0.38570
0.41624	-0.37991
0.53807	-0.38039
0.58883	-0.38023
0.71066	-0.37766
0.75127	-0.37733
0.77157	-0.37814
0.83249	-0.37669
0.86294	-0.38249
0.87310	-0.38361
0.94416	-0.38361
1.02538	-0.37685
1.07614	-0.38071
1.16751	-0.37862
1.25888	-0.37894
1.28934	-0.38023
1.44162	-0.37911
1.53299	-0.37911
1.56345	-0.37943
1.70558	-0.37492
1.80711	-0.37927
1.86802	-0.37814
2.14213	-0.37363
2.30457	-0.37492
2.37563	-0.37669
2.57868	-0.38184
2.68020	-0.37524
2.79188	-0.37927
2.87310	-0.37363
3.01523	-0.37621
3.11675	-0.37444
3.30964	-0.37218
3.45178	-0.37653
3.72589	-0.37234
3.89848	-0.38007
4.20305	-0.37814
4.38579	-0.37379
4.55838	-0.37637
4.68020	-0.37251
4.83249	-0.36864
4.94416	-0.37202
5.13706	-0.37170
5.24873	-0.37234
5.41117	-0.37138
5.51269	-0.37138
5.67513	-0.37331
5.77665	-0.37122
5.92893	-0.37186
6.02030	-0.36703
6.18274	-0.37074
6.26396	-0.36832
6.48731	-0.36816
6.58883	-0.37444
6.78173	-0.36977
6.89340	-0.37009
7.05584	-0.36687
7.19797	-0.37218
7.45178	-0.36687
7.59391	-0.36816
7.79695	-0.36446
7.91878	-0.36784
8.12183	-0.36752
8.19289	-0.36285
8.30457	-0.36623
8.35533	-0.37234
8.41624	-0.36816
8.50761	-0.36848
8.57868	-0.36398
8.61929	-0.36832
8.78173	-0.36671
8.90355	-0.36977
8.99492	-0.36301
9.18782	-0.36526
9.30964	-0.36623
9.37056	-0.36558
9.53299	-0.37508
9.62437	-0.36768
9.67513	-0.36381
9.80711	-0.36285
9.92893	-0.36784
10.00000	-0.36736
10.16244	-0.36703
10.23350	-0.36591
10.26396	-0.36430
10.35533	-0.36623
10.41624	-0.36140
10.44670	-0.36687
10.55838	-0.36639
10.62944	-0.36639
10.65990	-0.36929
10.78173	-0.36381
10.87310	-0.36317
10.91371	-0.36092
11.04569	-0.36510
11.13706	-0.36462
11.22843	-0.36124
11.37056	-0.35979
11.46193	-0.36204
11.50254	-0.36542
11.66497	-0.36043
11.73604	-0.36526
11.76650	-0.36655
11.85787	-0.36381
11.93909	-0.36349
11.97970	-0.36317
12.10152	-0.35899
12.19289	-0.35770
12.23350	-0.36269
12.36548	-0.35899
12.46701	-0.35866
12.50761	-0.35882
12.61929	-0.36027
12.69036	-0.36140
12.73096	-0.35834
12.80203	-0.35754
12.86294	-0.36220
12.89340	-0.35786
13.01523	-0.36140
13.10660	-0.35786
13.25888	-0.35963
13.37056	-0.35351
13.42132	-0.36301
13.53299	-0.35528
13.63452	-0.35383
13.75635	-0.35351
13.82741	-0.35335
13.86802	-0.35641
13.96954	-0.35416
14.05076	-0.35480
14.09137	-0.35818
14.17259	-0.35416
14.24365	-0.35190
14.27411	-0.35206
14.40609	-0.35303
14.48731	-0.35496
14.51777	-0.35013
14.62944	-0.35383
14.71066	-0.35078
14.79188	-0.35625
14.91371	-0.35255
14.96447	-0.34530
14.97462	-0.35062
15.05584	-0.34579
15.09645	-0.34466
15.12690	-0.34386
15.26904	-0.34627
15.34010	-0.34031
15.41117	-0.34386
15.50254	-0.34659
15.52284	-0.34241
15.54315	-0.34563
15.62437	-0.34241
15.67513	-0.33597
15.71574	-0.34337
15.85787	-0.33870
15.92893	-0.34289
15.94924	-0.33742
16.00000	-0.33066
16.03046	-0.33532
16.05076	-0.33516
16.14213	-0.33516
16.21320	-0.33066
16.25381	-0.33114
16.36548	-0.32953
16.44670	-0.32438
16.47716	-0.32776
16.61929	-0.31698
16.69036	-0.31858
16.72081	-0.31585
16.83249	-0.31504
16.89340	-0.30893
16.94416	-0.30893
17.03553	-0.30184
17.04569	-0.30168
17.06599	-0.30024
17.16751	-0.29734
17.24873	-0.29782
17.29949	-0.29669
17.49239	-0.28494
17.58376	-0.28205
17.62437	-0.27899
17.72589	-0.26402
17.78680	-0.25790
17.82741	-0.25758
17.93909	-0.24567
17.98985	-0.23988
18.03046	-0.23746
18.17259	-0.22314
18.25381	-0.21509
18.28426	-0.20913
18.32487	-0.19062
18.34518	-0.19062
18.38579	-0.18064
18.44670	-0.17292
18.47716	-0.16905
18.51777	-0.16455
18.60914	-0.14974
18.67005	-0.14008
18.74112	-0.13026
18.91371	-0.10628
19.01523	-0.09035
19.11675	-0.06137
19.25888	-0.01486
19.29949	0.00848
19.31980	0.02893
19.39086	0.06595
19.45178	0.08381
19.53299	0.10957
19.71574	0.16799
19.81726	0.21290
19.87817	0.24574
19.97970	0.32879
20.03046	0.36823
20.07107	0.40847
20.11168	0.47977
20.13198	0.50681
20.15228	0.53176
20.23350	0.59341
20.30457	0.63268
20.37563	0.67517
20.48731	0.76370
20.54822	0.81730
20.58883	0.87219
20.69036	0.99113
20.73096	1.06003
20.77157	1.12473
20.83249	1.25221
20.87310	1.31370
20.92386	1.37872
21.06599	1.52294
21.13706	1.61066
21.26904	1.81524
21.35025	1.91246
21.47208	2.09837
21.52284	2.19012
21.54315	2.27849
21.64467	2.42480
21.71574	2.50254
21.79695	2.57836
21.93909	2.74897
22.02030	2.81754
22.06091	2.85682
22.24365	2.97464
22.31472	3.02261
22.34518	3.03259
22.46701	3.08201
22.51777	3.09424
22.53807	3.09826
22.59898	3.09504
22.61929	3.08265
22.62944	3.08458
22.69036	3.06188
22.73096	3.04579
22.75127	3.03726
22.84264	2.99734
22.92386	2.95420
22.94416	2.93617
23.07614	2.83493
23.16751	2.75058
23.18782	2.70358
23.35025	2.54166
23.46193	2.40935
23.51269	2.35011
23.61421	2.14843
23.66497	2.02224
23.67513	1.96156
23.71574	1.81830
23.71574	1.74458
23.71574	1.71674
23.75635	1.63336
23.80711	1.57364
23.85787	1.51715
23.88832	1.48544
23.97970	1.36665
24.03046	1.28537
24.05076	1.25430
24.13198	1.13664
24.19289	1.05632
24.22335	1.01850
24.29442	0.89697
24.36548	0.81521
24.40609	0.78302
24.52792	0.65795
24.60914	0.56862
24.63959	0.53611
24.73096	0.41072
24.78173	0.34955
24.80203	0.31527
24.84264	0.23077
24.86294	0.18988
24.87310	0.17202
24.91371	0.12357
24.96447	0.08912
24.99492	0.07512
25.09645	0.02667
25.16751	-0.00552
25.20812	-0.01711
25.30964	-0.06620
25.41117	-0.10564
25.45178	-0.11513
25.60406	-0.16117
25.73604	-0.18853
25.78680	-0.20672
25.94924	-0.23988
26.04061	-0.26064
26.07107	-0.26659
26.13198	-0.29364
26.14213	-0.31038
26.14213	-0.30909
26.14213	-0.32213
26.15228	-0.32728
26.17259	-0.33033
26.21320	-0.33146
26.25381	-0.33581
26.38579	-0.34402
26.49746	-0.33967
26.55838	-0.34225
26.71066	-0.34981
26.81218	-0.35351
26.84264	-0.35255
26.93401	-0.35045
26.99492	-0.35738
27.00508	-0.35319
27.06599	-0.35834
27.14721	-0.35303
27.17766	-0.36076
27.30964	-0.36059
27.40102	-0.35512
27.45178	-0.36140
27.57360	-0.35931
27.65482	-0.35882
27.68528	-0.36333
27.75635	-0.36172
27.80711	-0.36623
27.82741	-0.36430
27.91878	-0.35818
27.97970	-0.36478
28.01015	-0.36317
28.12183	-0.35995
28.22335	-0.36526
28.26396	-0.36108
28.39594	-0.36381
28.45685	-0.36059
28.49746	-0.36607
28.57868	-0.36687
28.62944	-0.36237
28.65990	-0.36414
28.73096	-0.36929
28.79188	-0.35947
28.81218	-0.36301
28.91371	-0.36317
28.98477	-0.36414
29.02538	-0.36816
29.15736	-0.36800
29.26904	-0.36510
29.29949	-0.36398
29.42132	-0.36140
29.48223	-0.36317
29.51269	-0.36558
29.59391	-0.36655
29.62437	-0.36736
29.64467	-0.36752
29.71574	-0.36655
29.79695	-0.36317
29.84772	-0.36896
29.95939	-0.36816
30.06091	-0.36800